0.0,0.0,0.0,0.0,0.0,0.0,0.0,0.0,0.0,0.0,0.0,0.0,0.0,0.0,0.0,0.0,0.0,0.0,0.0,0.0,0.0,0.0,0.0,0.0,0.0,0.0,0.0,0.0,0.0,0.0,0.0,0.0,0.0,0.0,0.0,0.0,0.0,0.0,0.0,0.0,0.0,0.0,0.0,0.0,0.0,0.0,0.0,0.0,0.0,0.0,0.0,0.0,0.0,0.0,0.0,0.0,0.0
0.0,0.0,0.0,0.0,0.0,0.0,0.0,0.0,0.0,0.0,0.0,0.0,0.0,0.0,0.0,31.308,31.475,31.523,31.558,31.653,31.76,31.713,0.0,0.0,0.0,0.0,0.0,0.0,0.0,0.0,0.0,0.0,0.0,0.0,0.0,0.0,0.0,0.0,0.0,0.0,0.0,0.0,0.0,0.0,0.0,0.0,0.0,0.0,0.0,0.0,0.0,0.0,0.0,0.0,0.0,0.0,0.0
0.0,0.0,0.0,0.0,0.0,0.0,0.0,0.0,0.0,0.0,0.0,0.0,0.0,0.0,30.915,31.153,31.32,31.332,31.392,31.428,31.523,31.665,31.725,31.784,0.0,0.0,0.0,0.0,0.0,0.0,0.0,0.0,0.0,0.0,0.0,0.0,0.0,0.0,0.0,0.0,0.0,0.0,0.0,0.0,0.0,0.0,0.0,0.0,0.0,0.0,0.0,0.0,0.0,0.0,0.0,0.0,0.0
0.0,0.0,0.0,0.0,0.0,0.0,0.0,0.0,0.0,0.0,0.0,0.0,0.0,31.285,31.213,31.225,31.261,31.392,31.416,31.463,31.57,31.701,31.784,31.784,31.701,31.499,31.392,31.392,31.428,31.451,0.0,0.0,0.0,0.0,0.0,0.0,0.0,0.0,0.0,0.0,0.0,0.0,0.0,0.0,0.0,0.0,0.0,0.0,0.0,0.0,0.0,0.0,0.0,0.0,0.0,0.0,0.0
0.0,0.0,0.0,0.0,0.0,0.0,0.0,0.0,0.0,0.0,0.0,0.0,31.38,31.344,31.308,31.356,31.392,31.416,31.416,31.475,31.582,31.713,31.796,31.82,31.701,31.416,31.261,31.273,31.344,31.428,31.332,31.32,0.0,0.0,0.0,0.0,0.0,0.0,0.0,0.0,0.0,0.0,0.0,0.0,0.0,0.0,0.0,0.0,0.0,0.0,0.0,0.0,0.0,0.0,0.0,0.0,0.0
0.0,0.0,0.0,0.0,0.0,0.0,0.0,0.0,0.0,0.0,0.0,31.368,31.368,31.332,31.356,31.451,31.475,31.416,31.404,31.487,31.582,31.665,31.772,31.831,31.642,31.308,31.106,31.082,31.165,31.285,31.32,31.285,31.32,0.0,0.0,0.0,0.0,0.0,0.0,0.0,0.0,0.0,0.0,0.0,0.0,0.0,0.0,0.0,0.0,0.0,0.0,0.0,0.0,0.0,0.0,0.0,0.0
0.0,0.0,0.0,0.0,0.0,0.0,0.0,0.0,0.0,0.0,0.0,31.439,31.404,31.392,31.439,31.511,31.499,31.416,31.416,31.487,31.558,31.618,31.713,31.796,31.57,31.237,31.034,31.046,31.142,31.273,31.249,31.213,31.213,31.201,0.0,0.0,0.0,0.0,0.0,0.0,0.0,0.0,0.0,0.0,0.0,0.0,0.0,0.0,0.0,0.0,0.0,0.0,0.0,0.0,0.0,0.0,0.0
0.0,0.0,0.0,0.0,0.0,0.0,0.0,0.0,0.0,0.0,31.392,31.404,31.404,31.428,31.475,31.511,31.487,31.439,31.439,31.475,31.511,31.558,31.653,31.725,31.606,31.237,31.022,31.022,31.106,31.201,31.13,31.13,31.13,31.165,31.177,0.0,0.0,0.0,0.0,0.0,0.0,0.0,0.0,0.0,0.0,0.0,0.0,0.0,0.0,0.0,0.0,0.0,0.0,0.0,0.0,0.0,0.0
0.0,0.0,0.0,0.0,0.0,0.0,0.0,0.0,0.0,0.0,31.404,31.356,31.38,31.439,31.475,31.463,31.451,31.404,31.416,31.416,31.439,31.475,31.535,31.653,31.891,31.748,31.32,31.046,31.034,31.07,31.046,31.07,31.094,31.153,31.153,0.0,0.0,0.0,0.0,0.0,0.0,0.0,0.0,0.0,0.0,0.0,0.0,0.0,0.0,0.0,0.0,0.0,0.0,0.0,0.0,0.0,0.0
0.0,0.0,0.0,0.0,0.0,0.0,0.0,0.0,0.0,31.32,31.416,31.32,31.32,31.356,31.416,31.439,31.416,31.356,31.356,31.356,31.38,31.439,31.535,31.713,31.974,31.808,31.344,31.046,31.01,31.034,31.046,31.07,31.106,31.165,31.118,30.531,0.0,0.0,0.0,0.0,0.0,0.0,0.0,0.0,0.0,0.0,0.0,0.0,0.0,0.0,0.0,0.0,0.0,0.0,0.0,0.0,0.0
0.0,0.0,0.0,0.0,0.0,0.0,0.0,0.0,0.0,31.249,31.32,31.285,31.308,31.332,31.368,31.38,31.368,31.356,31.332,31.344,31.38,31.475,31.594,31.796,31.997,31.784,31.308,31.01,30.986,30.998,31.034,31.034,31.058,31.165,31.165,30.279,0.0,0.0,0.0,0.0,0.0,0.0,0.0,0.0,0.0,0.0,0.0,0.0,0.0,0.0,0.0,0.0,0.0,0.0,0.0,0.0,0.0
0.0,0.0,0.0,0.0,0.0,0.0,0.0,0.0,31.153,31.189,31.261,31.32,31.344,31.332,31.32,31.32,31.332,31.332,31.344,31.368,31.439,31.558,31.713,31.879,32.116,31.855,31.297,30.962,30.95,30.986,30.998,30.974,31.01,31.189,31.273,30.11,0.0,0.0,0.0,30.519,30.651,30.675,30.723,30.843,30.879,0.0,0.0,0.0,0.0,0.0,0.0,0.0,0.0,0.0,0.0,0.0,0.0
0.0,0.0,0.0,0.0,0.0,0.0,0.0,0.0,31.297,31.213,31.285,31.439,31.416,31.38,31.32,31.308,31.344,31.356,31.38,31.392,31.451,31.594,31.796,31.997,32.328,32.033,31.344,30.95,30.95,30.986,30.974,31.07,31.213,31.332,31.249,30.171,0.0,0.0,30.243,30.627,30.699,30.771,30.843,30.927,30.843,30.531,0.0,0.0,0.0,0.0,0.0,0.0,0.0,0.0,0.0,0.0,0.0
0.0,0.0,0.0,0.0,0.0,0.0,0.0,0.0,31.344,31.32,31.404,31.499,31.487,31.439,31.392,31.368,31.392,31.392,31.428,31.416,31.439,31.606,31.879,32.163,32.529,32.234,31.57,31.13,31.046,31.01,30.998,31.332,31.642,31.582,31.118,30.423,29.736,30.519,30.555,30.555,30.615,30.687,30.771,30.855,30.879,30.903,30.747,0.0,0.0,0.0,0.0,0.0,0.0,0.0,0.0,0.0,0.0
0.0,0.0,0.0,0.0,0.0,0.0,0.0,31.261,31.356,31.392,31.475,31.523,31.535,31.535,31.535,31.511,31.487,31.451,31.523,31.523,31.57,31.76,32.068,32.364,32.646,32.411,32.411,31.926,31.499,31.237,31.106,31.463,31.713,31.997,31.796,31.142,30.687,30.639,30.567,30.591,30.651,30.687,30.747,30.795,30.867,30.95,30.879,0.0,0.0,0.0,0.0,0.0,0.0,0.0,0.0,0.0,0.0
0.0,0.0,0.0,0.0,0.0,0.0,0.0,31.249,31.344,31.404,31.487,31.606,31.642,31.642,31.665,31.689,31.653,31.594,31.653,31.665,31.725,31.831,32.056,32.352,32.705,32.694,32.505,32.187,31.843,31.558,31.428,31.985,32.116,32.187,31.903,31.32,30.867,30.639,30.519,30.591,30.675,30.711,30.747,30.783,30.915,30.986,30.939,30.543,0.0,0.0,0.0,0.0,0.0,0.0,0.0,0.0,0.0
0.0,0.0,0.0,0.0,0.0,0.0,0.0,31.165,31.273,31.392,31.475,31.558,31.76,31.796,31.82,31.831,31.784,31.701,31.843,31.843,31.938,32.127,32.352,32.576,32.705,32.646,32.482,32.269,32.068,31.938,31.914,32.293,32.34,32.257,31.879,31.273,30.807,30.579,30.567,30.627,30.699,30.771,30.819,30.831,31.022,31.094,31.046,30.699,0.0,0.0,0.0,0.0,0.0,0.0,0.0,0.0,0.0
0.0,0.0,0.0,0.0,0.0,0.0,0.0,31.273,31.308,31.475,31.606,31.689,31.867,31.938,31.974,31.985,31.938,31.879,32.08,32.068,32.175,32.387,32.576,32.705,32.729,32.493,32.328,32.198,32.127,32.116,32.187,32.328,32.34,32.163,31.677,30.998,30.591,30.531,30.687,30.735,30.795,30.855,30.903,30.939,31.177,31.261,31.213,30.927,30.207,0.0,0.0,0.0,0.0,0.0,0.0,0.0,0.0
0.0,0.0,0.0,0.0,0.0,0.0,31.261,31.344,31.38,31.546,31.689,31.784,31.938,32.056,32.127,32.139,32.127,32.104,32.352,32.364,32.411,32.517,32.623,32.705,32.658,32.257,32.08,32.033,32.033,32.068,32.187,32.316,32.163,31.653,31.177,30.843,30.663,30.651,30.879,30.927,30.962,30.974,31.01,31.07,31.261,31.356,31.344,31.165,30.855,0.0,0.0,0.0,0.0,0.0,0.0,0.0,0.0
0.0,0.0,0.0,0.0,0.0,0.0,31.308,31.404,31.439,31.582,31.713,31.82,32.033,32.163,32.246,32.269,32.293,32.328,32.623,32.682,32.623,32.493,32.47,32.564,32.493,32.056,31.914,31.926,31.95,31.974,32.127,32.281,31.855,30.903,30.555,30.891,31.07,30.95,31.165,31.153,31.153,31.153,31.165,31.189,31.285,31.285,31.356,31.392,31.356,31.285,0.0,0.0,0.0,0.0,0.0,0.0,0.0
0.0,0.0,0.0,0.0,0.0,0.0,31.356,31.428,31.487,31.618,31.748,31.891,32.151,32.257,32.316,32.375,32.446,32.541,32.87,32.905,32.741,32.399,32.281,32.375,32.305,31.95,31.867,31.891,31.903,31.891,32.068,32.104,32.104,31.642,30.723,30.555,31.177,31.475,31.642,31.487,31.404,31.38,31.392,31.356,31.332,31.308,31.344,31.404,31.451,31.523,0.0,0.0,0.0,0.0,0.0,0.0,0.0
0.0,0.0,0.0,0.0,0.0,0.0,31.392,31.439,31.499,31.63,31.808,31.997,32.187,32.257,32.352,32.458,32.599,32.752,32.975,32.975,32.952,32.682,32.257,32.08,32.151,31.903,31.843,31.82,31.831,31.82,31.808,31.784,31.808,31.57,31.165,31.189,31.606,31.796,31.855,31.748,31.677,31.606,31.511,31.416,31.332,31.344,31.368,31.404,31.463,31.594,31.653,0.0,0.0,0.0,0.0,0.0,0.0
0.0,0.0,0.0,0.0,0.0,0.0,31.38,31.392,31.439,31.523,31.653,31.843,31.997,32.104,32.175,32.293,32.482,32.682,32.552,32.635,32.588,32.364,32.009,31.843,31.891,31.689,31.737,31.76,31.725,31.725,31.737,31.784,31.689,31.642,31.606,31.701,31.903,31.962,31.95,31.938,31.962,31.82,31.535,31.356,31.332,31.392,31.416,31.451,31.487,31.618,31.701,31.32,0.0,0.0,0.0,0.0,0.0
0.0,0.0,0.0,0.0,0.0,31.177,31.344,31.332,31.428,31.546,31.677,31.831,31.784,31.843,31.914,32.021,32.187,32.375,32.552,31.938,31.938,31.843,31.689,31.618,31.63,31.523,31.606,31.665,31.665,31.677,31.713,31.713,31.748,31.796,31.855,31.926,31.985,31.997,32.056,32.139,32.175,31.974,31.558,31.332,31.344,31.439,31.499,31.535,31.546,31.642,31.689,31.273,0.0,0.0,0.0,0.0,0.0
0.0,0.0,0.0,0.0,0.0,31.273,31.273,31.273,31.38,31.499,31.606,31.713,31.463,31.475,31.535,31.606,31.665,31.76,31.879,31.535,31.558,31.546,31.511,31.487,31.475,31.439,31.463,31.535,31.63,31.689,31.689,31.713,31.713,31.831,31.938,31.985,31.985,32.009,32.222,32.352,32.352,32.068,31.606,31.344,31.368,31.451,31.535,31.582,31.582,31.642,31.642,31.189,0.0,0.0,0.0,0.0,0.0
0.0,0.0,0.0,0.0,0.0,31.249,31.213,31.225,31.297,31.38,31.475,31.499,31.249,31.261,31.32,31.368,31.38,31.428,31.499,31.535,31.523,31.511,31.487,31.463,31.428,31.392,31.392,31.451,31.558,31.594,31.582,31.606,31.546,31.701,31.855,31.926,31.938,32.045,32.399,32.576,32.552,32.234,31.689,31.38,31.38,31.451,31.511,31.558,31.594,31.642,31.606,31.118,0.0,0.0,0.0,0.0,0.0
0.0,0.0,0.0,0.0,0.0,31.177,31.106,31.142,31.189,31.237,31.297,31.297,31.201,31.237,31.297,31.356,31.404,31.463,31.511,31.582,31.582,31.546,31.487,31.439,31.416,31.392,31.38,31.404,31.439,31.428,31.38,31.416,31.416,31.57,31.737,31.855,31.938,32.127,32.552,32.552,32.776,32.799,32.446,31.82,31.451,31.511,31.499,31.535,31.594,31.63,31.665,31.642,31.058,0.0,0.0,0.0,0.0
0.0,0.0,0.0,0.0,31.046,31.07,30.998,31.034,31.058,31.094,31.13,31.165,31.189,31.237,31.297,31.38,31.475,31.546,31.57,31.606,31.642,31.594,31.487,31.416,31.392,31.38,31.38,31.356,31.356,31.344,31.308,31.261,31.273,31.344,31.475,31.642,31.808,31.985,32.269,32.599,32.87,32.964,32.658,32.056,31.63,31.689,31.606,31.642,31.689,31.701,31.725,31.642,30.998,0.0,0.0,0.0,0.0
0.0,0.0,0.0,0.0,31.022,30.95,30.915,30.95,30.974,31.01,31.07,31.13,31.177,31.177,31.213,31.273,31.392,31.535,31.606,31.594,31.606,31.63,31.594,31.487,31.416,31.392,31.356,31.32,31.297,31.308,31.285,31.249,31.285,31.332,31.416,31.558,31.737,31.974,32.269,32.529,32.835,33.011,32.823,32.328,31.914,31.938,31.808,31.796,31.808,31.796,31.808,31.725,30.927,0.0,0.0,0.0,0.0
0.0,0.0,0.0,0.0,30.95,30.939,30.819,30.867,30.891,30.915,30.986,31.094,31.165,31.165,31.213,31.285,31.392,31.535,31.594,31.558,31.558,31.558,31.535,31.487,31.439,31.392,31.332,31.297,31.285,31.297,31.297,31.273,31.308,31.356,31.416,31.487,31.642,31.891,32.198,32.387,32.682,32.846,32.788,32.517,32.21,32.234,32.056,31.974,31.914,31.855,31.867,31.772,30.915,0.0,0.0,0.0,0.0
0.0,0.0,0.0,30.327,30.795,30.831,30.783,30.819,30.831,30.843,30.915,31.046,31.13,31.13,31.225,31.297,31.38,31.475,31.535,31.499,31.511,31.511,31.499,31.475,31.439,31.38,31.32,31.308,31.308,31.32,31.32,31.297,31.308,31.356,31.392,31.439,31.546,31.737,32.033,32.187,32.434,32.529,32.576,32.576,32.446,32.458,32.257,32.056,31.867,31.689,31.642,31.57,30.962,30.471,0.0,0.0,0.0
0.0,0.0,0.0,30.435,30.663,30.747,30.735,30.747,30.747,30.771,30.819,30.903,31.01,31.118,31.225,31.285,31.344,31.416,31.475,31.439,31.463,31.487,31.487,31.439,31.392,31.356,31.32,31.297,31.308,31.344,31.344,31.308,31.273,31.308,31.356,31.416,31.475,31.57,31.82,31.95,32.187,32.34,32.482,32.623,32.611,32.611,32.375,32.021,31.653,31.332,31.189,31.165,30.974,30.939,0.0,0.0,0.0
0.0,0.0,0.0,30.567,30.615,30.699,30.687,30.699,30.699,30.711,30.759,30.855,30.974,31.13,31.201,31.249,31.308,31.368,31.416,31.392,31.416,31.439,31.416,31.368,31.344,31.344,31.332,31.297,31.308,31.368,31.368,31.308,31.249,31.273,31.32,31.392,31.439,31.463,31.642,31.713,31.985,32.293,32.541,32.682,32.705,32.776,32.776,32.47,31.938,31.428,31.07,30.903,30.891,30.95,0.0,0.0,0.0
0.0,0.0,30.591,30.603,30.567,30.639,30.651,30.687,30.687,30.675,30.759,30.903,31.034,31.106,31.165,31.237,31.297,31.332,31.368,31.368,31.368,31.344,31.32,31.297,31.308,31.344,31.308,31.32,31.356,31.392,31.368,31.285,31.237,31.237,31.261,31.32,31.392,31.428,31.439,31.499,31.582,31.831,32.222,32.541,32.717,32.929,32.952,32.541,31.808,31.237,30.974,30.879,30.95,30.986,30.986,0.0,0.0
0.0,0.0,30.555,30.555,30.531,30.603,30.627,30.663,30.675,30.675,30.759,30.915,31.034,31.046,31.142,31.249,31.297,31.308,31.32,31.332,31.332,31.344,31.308,31.285,31.297,31.297,31.249,31.273,31.392,31.451,31.416,31.344,31.32,31.297,31.308,31.356,31.404,31.439,31.463,31.535,31.57,31.76,32.104,32.458,32.741,32.929,33.104,32.588,31.689,31.106,30.962,30.95,31.07,31.094,31.07,0.0,0.0
0.0,30.231,30.495,30.519,30.519,30.579,30.615,30.615,30.639,30.663,30.699,30.771,30.879,30.903,30.998,31.094,31.189,31.225,31.225,31.201,31.285,31.332,31.332,31.332,31.344,31.308,31.225,31.273,31.428,31.499,31.451,31.38,31.32,31.404,31.416,31.416,31.416,31.451,31.511,31.558,31.594,31.748,32.045,32.423,32.823,33.081,33.198,32.611,31.63,31.058,31.022,31.058,31.165,31.189,31.165,0.0,0.0
0.0,30.05,30.351,30.447,30.519,30.555,30.591,30.603,30.615,30.651,30.723,30.783,30.831,30.843,30.962,31.034,31.046,31.082,31.13,31.201,31.273,31.332,31.344,31.356,31.356,31.308,31.273,31.308,31.428,31.499,31.499,31.475,31.428,31.511,31.499,31.487,31.475,31.499,31.535,31.558,31.642,31.796,32.056,32.47,32.952,33.245,33.233,32.635,31.725,31.189,31.13,31.165,31.225,31.273,31.285,0.0,0.0
0.0,30.303,30.423,30.435,30.519,30.567,30.591,30.579,30.579,30.639,30.735,30.783,30.795,30.795,30.903,30.962,30.974,30.998,31.07,31.165,31.273,31.344,31.332,31.332,31.332,31.308,31.308,31.356,31.451,31.523,31.535,31.546,31.535,31.594,31.546,31.546,31.57,31.57,31.546,31.594,31.689,31.843,32.068,32.505,33.058,33.339,33.21,32.694,31.95,31.451,31.285,31.225,31.285,31.356,31.344,30.998,0.0
0.0,30.411,30.471,30.447,30.507,30.543,30.579,30.555,30.555,30.591,30.675,30.723,30.735,30.759,30.831,30.903,30.962,31.01,31.058,31.153,31.273,31.332,31.332,31.32,31.308,31.308,31.332,31.404,31.511,31.57,31.582,31.594,31.606,31.653,31.618,31.606,31.63,31.618,31.582,31.689,31.748,31.867,32.068,32.517,33.093,33.362,33.315,32.835,32.092,31.57,31.356,31.285,31.38,31.38,31.439,31.38,0.0
0.0,30.447,30.483,30.459,30.495,30.531,30.555,30.531,30.531,30.531,30.555,30.603,30.675,30.735,30.807,30.879,30.962,31.034,31.082,31.165,31.261,31.297,31.32,31.308,31.297,31.297,31.356,31.439,31.523,31.582,31.606,31.642,31.665,31.689,31.677,31.653,31.63,31.63,31.653,31.784,31.784,31.843,31.914,32.068,32.493,33.081,33.42,33.502,33.022,32.139,31.523,31.344,31.38,31.439,31.523,31.439,0.0
0.0,30.423,30.483,30.471,30.495,30.519,30.531,30.543,30.519,30.507,30.519,30.567,30.651,30.723,30.807,30.879,30.95,31.034,31.118,31.201,31.237,31.273,31.297,31.308,31.285,31.297,31.404,31.404,31.463,31.499,31.558,31.642,31.677,31.689,31.689,31.701,31.701,31.677,31.689,31.808,31.867,31.938,31.974,32.056,32.423,33.011,33.233,33.549,33.163,32.187,31.535,31.38,31.38,31.499,31.606,31.558,0.0
0.0,30.411,30.483,30.459,30.471,30.495,30.531,30.567,30.543,30.531,30.567,30.603,30.651,30.711,30.711,30.807,30.891,30.939,31.01,31.118,31.165,31.213,31.261,31.285,31.285,31.285,31.38,31.475,31.511,31.511,31.558,31.653,31.701,31.665,31.665,31.701,31.725,31.748,31.772,31.808,31.891,31.985,32.033,32.056,32.316,32.764,32.846,33.385,33.186,32.281,31.63,31.451,31.451,31.594,31.701,31.653,0.0
0.0,29.918,30.399,30.471,30.447,30.435,30.471,30.567,30.603,30.591,30.591,30.627,30.651,30.663,30.723,30.831,30.891,30.927,30.986,31.082,31.13,31.201,31.249,31.273,31.285,31.32,31.38,31.558,31.594,31.558,31.582,31.653,31.689,31.642,31.653,31.701,31.748,31.784,31.82,31.831,31.867,31.974,32.045,32.08,32.175,32.387,32.493,33.128,33.081,32.352,31.784,31.594,31.558,31.737,31.808,31.677,0.0
0.0,29.978,30.399,30.435,30.399,30.423,30.471,30.579,30.627,30.651,30.663,30.663,30.663,30.675,30.759,30.843,30.915,30.962,31.01,31.07,31.13,31.213,31.261,31.273,31.308,31.38,31.463,31.594,31.63,31.606,31.618,31.653,31.653,31.642,31.677,31.713,31.76,31.808,31.82,31.808,31.82,31.903,31.974,32.033,32.045,32.08,32.234,32.788,32.846,32.375,31.962,31.76,31.701,31.867,31.843,31.558,0.0
0.0,30.038,30.399,30.375,30.351,30.423,30.507,30.603,30.639,30.675,30.687,30.675,30.687,30.699,30.795,30.855,30.939,31.034,31.082,31.094,31.177,31.261,31.308,31.308,31.344,31.428,31.511,31.57,31.618,31.642,31.653,31.63,31.63,31.63,31.689,31.725,31.772,31.82,31.82,31.796,31.796,31.772,31.82,31.926,31.938,31.914,32.021,32.375,32.458,32.246,32.033,31.914,31.867,31.985,31.772,31.237,0.0
0.0,30.086,30.399,30.363,30.351,30.459,30.543,30.615,30.639,30.651,30.663,30.675,30.699,30.747,30.843,30.879,30.962,31.058,31.118,31.13,31.249,31.332,31.38,31.38,31.392,31.451,31.511,31.558,31.594,31.63,31.63,31.594,31.594,31.618,31.677,31.737,31.784,31.831,31.843,31.82,31.784,31.725,31.737,31.831,31.855,31.831,31.843,31.843,31.95,31.997,31.985,31.985,32.009,32.127,32.056,31.535,0.0
0.0,0.0,30.423,30.435,30.435,30.507,30.567,30.639,30.663,30.675,30.675,30.687,30.723,30.783,30.891,30.915,30.962,31.034,31.094,31.165,31.273,31.368,31.416,31.428,31.439,31.475,31.511,31.546,31.558,31.57,31.558,31.546,31.57,31.642,31.642,31.689,31.748,31.784,31.82,31.831,31.831,31.808,31.748,31.737,31.784,31.808,31.76,31.748,31.737,31.76,31.831,31.938,32.045,32.151,32.104,31.165,0.0
0.0,0.0,30.435,30.495,30.507,30.555,30.603,30.675,30.711,30.747,30.747,30.711,30.747,30.831,30.903,30.939,30.974,31.01,31.082,31.165,31.237,31.237,31.332,31.404,31.439,31.463,31.487,31.487,31.511,31.535,31.535,31.546,31.57,31.677,31.701,31.737,31.772,31.784,31.784,31.796,31.855,31.843,31.784,31.748,31.748,31.748,31.76,31.713,31.725,31.76,31.808,31.914,32.033,32.104,32.08,0.0,0.0
0.0,0.0,30.447,30.531,30.555,30.603,30.651,30.687,30.687,30.747,30.783,30.795,30.759,30.771,30.843,30.891,30.95,30.998,31.022,31.058,31.153,31.237,31.32,31.38,31.404,31.439,31.463,31.451,31.475,31.511,31.558,31.606,31.653,31.677,31.748,31.772,31.808,31.808,31.796,31.82,31.891,31.867,31.796,31.737,31.713,31.701,31.701,31.689,31.713,31.76,31.808,31.891,31.962,31.997,31.985,0.0,0.0
0.0,0.0,29.942,30.435,30.531,30.555,30.603,30.639,30.675,30.747,30.783,30.807,30.819,30.819,30.891,30.927,31.01,31.058,31.046,31.07,31.153,31.261,31.32,31.344,31.356,31.368,31.416,31.451,31.463,31.499,31.582,31.665,31.713,31.748,31.784,31.808,31.843,31.855,31.855,31.879,31.891,31.855,31.808,31.76,31.725,31.701,31.689,31.677,31.665,31.713,31.796,31.855,31.867,31.855,31.737,0.0,0.0
0.0,0.0,0.0,30.387,30.507,30.531,30.555,30.603,30.663,30.735,30.771,30.819,30.867,30.891,30.974,31.022,31.094,31.118,31.094,31.118,31.189,31.273,31.32,31.332,31.32,31.344,31.416,31.487,31.463,31.511,31.618,31.701,31.748,31.772,31.808,31.82,31.843,31.867,31.891,31.903,31.831,31.808,31.82,31.808,31.772,31.737,31.701,31.653,31.618,31.653,31.748,31.82,31.808,31.677,31.285,0.0,0.0
0.0,0.0,0.0,30.315,30.459,30.495,30.531,30.591,30.675,30.723,30.771,30.831,30.903,30.95,31.022,31.082,31.13,31.142,31.142,31.165,31.213,31.273,31.32,31.344,31.32,31.356,31.451,31.511,31.487,31.546,31.677,31.76,31.784,31.796,31.808,31.796,31.808,31.843,31.891,31.879,31.784,31.784,31.82,31.831,31.808,31.76,31.713,31.642,31.594,31.606,31.677,31.76,31.772,31.392,0.0,0.0,0.0
0.0,0.0,0.0,30.243,30.423,30.483,30.555,30.615,30.699,30.759,30.843,30.891,30.915,30.962,31.046,31.094,31.094,31.118,31.177,31.213,31.225,31.32,31.368,31.38,31.356,31.392,31.475,31.511,31.523,31.606,31.725,31.808,31.808,31.808,31.808,31.784,31.748,31.772,31.831,31.843,31.772,31.772,31.784,31.82,31.831,31.796,31.76,31.701,31.653,31.606,31.594,31.618,31.689,31.606,0.0,0.0,0.0
0.0,0.0,0.0,0.0,30.399,30.483,30.579,30.639,30.735,30.831,30.95,30.974,30.927,30.939,31.094,31.13,31.106,31.142,31.225,31.285,31.297,31.428,31.439,31.439,31.428,31.439,31.487,31.546,31.546,31.57,31.63,31.725,31.796,31.831,31.855,31.831,31.76,31.677,31.677,31.76,31.737,31.737,31.748,31.808,31.82,31.784,31.748,31.701,31.665,31.642,31.606,31.57,31.606,31.606,0.0,0.0,0.0
0.0,0.0,0.0,0.0,30.399,30.471,30.579,30.663,30.771,30.879,31.01,31.046,30.974,30.998,31.177,31.177,31.201,31.177,31.213,31.297,31.368,31.451,31.475,31.475,31.487,31.511,31.523,31.618,31.618,31.618,31.642,31.677,31.737,31.82,31.82,31.796,31.737,31.677,31.677,31.725,31.737,31.677,31.701,31.772,31.808,31.772,31.737,31.701,31.665,31.618,31.558,31.511,31.558,31.535,0.0,0.0,0.0
0.0,0.0,0.0,0.0,30.147,30.387,30.495,30.627,30.783,30.795,30.879,31.022,31.094,31.082,31.106,31.237,31.249,31.237,31.273,31.356,31.416,31.439,31.439,31.463,31.523,31.582,31.618,31.618,31.642,31.642,31.642,31.653,31.701,31.784,31.737,31.713,31.713,31.725,31.737,31.725,31.701,31.665,31.701,31.772,31.796,31.76,31.725,31.701,31.642,31.535,31.463,31.428,31.499,31.475,0.0,0.0,0.0
0.0,0.0,0.0,0.0,30.038,30.351,30.531,30.699,30.819,30.843,30.903,31.034,31.118,31.153,31.189,31.249,31.261,31.273,31.32,31.404,31.439,31.416,31.416,31.463,31.535,31.618,31.653,31.653,31.63,31.63,31.642,31.677,31.701,31.737,31.701,31.689,31.689,31.713,31.725,31.713,31.689,31.713,31.76,31.808,31.808,31.748,31.725,31.642,31.582,31.499,31.428,31.356,31.392,0.0,0.0,0.0,0.0
0.0,0.0,0.0,0.0,0.0,30.351,30.531,30.735,30.843,30.891,30.962,31.07,31.142,31.177,31.213,31.261,31.285,31.32,31.38,31.439,31.451,31.416,31.428,31.487,31.558,31.618,31.642,31.642,31.618,31.63,31.653,31.689,31.701,31.713,31.701,31.701,31.677,31.642,31.63,31.653,31.689,31.748,31.784,31.796,31.784,31.725,31.677,31.535,31.499,31.499,31.451,31.308,31.225,0.0,0.0,0.0,0.0
0.0,0.0,0.0,0.0,0.0,30.375,30.531,30.723,30.867,30.95,31.034,31.142,31.201,31.225,31.237,31.285,31.32,31.392,31.451,31.475,31.463,31.416,31.439,31.499,31.558,31.582,31.594,31.606,31.594,31.618,31.653,31.677,31.689,31.701,31.665,31.677,31.653,31.606,31.606,31.642,31.701,31.737,31.76,31.748,31.725,31.677,31.618,31.451,31.451,31.416,31.439,31.404,31.249,0.0,0.0,0.0,0.0
0.0,0.0,0.0,0.0,0.0,30.327,30.567,30.747,30.915,30.998,31.106,31.213,31.273,31.273,31.273,31.32,31.356,31.428,31.463,31.487,31.463,31.439,31.463,31.523,31.546,31.535,31.546,31.57,31.57,31.582,31.618,31.653,31.665,31.665,31.594,31.594,31.594,31.606,31.606,31.63,31.665,31.701,31.713,31.725,31.701,31.677,31.642,31.523,31.416,31.356,31.32,31.285,31.189,0.0,0.0,0.0,0.0
0.0,0.0,0.0,0.0,0.0,30.219,30.639,30.819,30.95,31.058,31.142,31.213,31.273,31.297,31.308,31.356,31.392,31.428,31.451,31.463,31.451,31.487,31.487,31.499,31.535,31.546,31.523,31.523,31.535,31.523,31.523,31.546,31.594,31.618,31.558,31.546,31.535,31.546,31.582,31.618,31.665,31.665,31.677,31.677,31.665,31.642,31.594,31.523,31.38,31.308,31.237,31.189,31.094,0.0,0.0,0.0,0.0
0.0,0.0,0.0,0.0,0.0,30.086,30.723,30.879,30.974,30.974,31.094,31.153,31.177,31.213,31.273,31.32,31.38,31.416,31.428,31.439,31.475,31.558,31.57,31.558,31.558,31.546,31.535,31.535,31.546,31.523,31.499,31.511,31.546,31.558,31.558,31.523,31.487,31.487,31.499,31.558,31.618,31.618,31.618,31.606,31.594,31.57,31.523,31.451,31.32,31.273,31.201,31.142,30.974,0.0,0.0,0.0,0.0
0.0,0.0,0.0,0.0,0.0,0.0,29.978,30.771,30.915,30.986,31.094,31.142,31.153,31.189,31.261,31.32,31.392,31.428,31.439,31.463,31.523,31.558,31.618,31.594,31.558,31.546,31.582,31.582,31.582,31.535,31.523,31.511,31.499,31.511,31.523,31.499,31.463,31.439,31.463,31.511,31.582,31.546,31.535,31.523,31.499,31.463,31.416,31.368,31.249,31.201,31.094,31.034,30.867,0.0,0.0,0.0,0.0
0.0,0.0,0.0,0.0,0.0,0.0,29.905,30.771,30.927,30.986,31.082,31.142,31.177,31.213,31.261,31.308,31.368,31.428,31.451,31.499,31.558,31.606,31.618,31.594,31.535,31.546,31.618,31.63,31.582,31.535,31.523,31.523,31.511,31.511,31.523,31.475,31.428,31.428,31.451,31.499,31.535,31.499,31.463,31.439,31.416,31.368,31.297,31.261,31.142,31.07,30.927,30.867,30.747,0.0,0.0,0.0,0.0
0.0,0.0,0.0,0.0,0.0,0.0,29.918,30.723,30.903,30.998,31.106,31.177,31.225,31.249,31.261,31.297,31.344,31.416,31.475,31.535,31.57,31.606,31.606,31.57,31.523,31.535,31.618,31.642,31.546,31.511,31.511,31.523,31.558,31.558,31.523,31.475,31.439,31.439,31.451,31.475,31.499,31.439,31.392,31.368,31.344,31.273,31.177,31.142,31.022,30.95,30.819,30.747,0.0,0.0,0.0,0.0,0.0
0.0,0.0,0.0,0.0,0.0,0.0,30.195,30.639,30.855,31.034,31.177,31.249,31.273,31.273,31.273,31.332,31.344,31.392,31.487,31.546,31.57,31.594,31.57,31.546,31.511,31.535,31.594,31.606,31.523,31.487,31.475,31.511,31.57,31.582,31.523,31.475,31.487,31.475,31.439,31.428,31.451,31.356,31.332,31.308,31.273,31.225,31.165,31.082,30.962,30.891,30.855,30.795,0.0,0.0,0.0,0.0,0.0
0.0,0.0,0.0,0.0,0.0,0.0,0.0,30.543,30.795,31.082,31.189,31.249,31.297,31.32,31.332,31.416,31.368,31.392,31.487,31.558,31.57,31.582,31.57,31.546,31.535,31.546,31.57,31.57,31.546,31.511,31.475,31.428,31.463,31.535,31.546,31.463,31.463,31.475,31.463,31.416,31.368,31.225,31.201,31.213,31.177,31.094,31.034,31.01,30.903,30.807,30.795,30.783,0.0,0.0,0.0,0.0,0.0
0.0,0.0,0.0,0.0,0.0,0.0,0.0,30.519,30.819,31.142,31.165,31.189,31.273,31.356,31.428,31.475,31.475,31.428,31.451,31.535,31.594,31.606,31.653,31.606,31.582,31.582,31.582,31.57,31.523,31.487,31.451,31.404,31.416,31.463,31.475,31.404,31.428,31.416,31.404,31.368,31.308,31.225,31.13,31.118,31.07,30.986,30.95,30.95,30.843,30.771,30.771,30.735,0.0,0.0,0.0,0.0,0.0
0.0,0.0,0.0,0.0,0.0,0.0,0.0,30.699,30.579,30.962,31.13,31.142,31.201,31.308,31.404,31.475,31.475,31.511,31.546,31.594,31.642,31.665,31.653,31.618,31.606,31.606,31.594,31.558,31.523,31.451,31.416,31.404,31.392,31.38,31.38,31.38,31.38,31.344,31.32,31.308,31.261,31.177,31.13,31.034,30.95,30.915,30.891,30.879,30.783,30.711,30.699,30.615,0.0,0.0,0.0,0.0,0.0
0.0,0.0,0.0,0.0,0.0,0.0,0.0,30.411,30.651,30.939,31.058,31.153,31.261,31.368,31.439,31.463,31.487,31.558,31.594,31.606,31.63,31.665,31.618,31.618,31.606,31.594,31.57,31.535,31.487,31.439,31.404,31.38,31.356,31.332,31.344,31.368,31.344,31.297,31.249,31.237,31.213,31.201,31.106,30.962,30.867,30.843,30.831,30.819,30.735,30.615,30.543,30.399,0.0,0.0,0.0,0.0,0.0
0.0,0.0,0.0,0.0,0.0,0.0,0.0,30.086,30.711,30.962,31.046,31.165,31.273,31.392,31.451,31.451,31.511,31.582,31.594,31.57,31.558,31.594,31.582,31.582,31.582,31.57,31.546,31.511,31.475,31.439,31.392,31.332,31.32,31.344,31.356,31.344,31.32,31.285,31.237,31.177,31.153,31.165,31.034,30.927,30.831,30.759,30.747,30.771,30.651,30.519,30.375,0.0,0.0,0.0,0.0,0.0,0.0
0.0,0.0,0.0,0.0,0.0,0.0,0.0,0.0,30.771,31.046,31.118,31.153,31.225,31.356,31.439,31.463,31.511,31.57,31.57,31.523,31.523,31.546,31.558,31.546,31.558,31.558,31.546,31.511,31.475,31.416,31.356,31.308,31.297,31.344,31.356,31.308,31.32,31.332,31.273,31.13,31.07,31.07,30.939,30.867,30.771,30.687,30.675,30.699,30.591,30.543,30.423,0.0,0.0,0.0,0.0,0.0,0.0
0.0,0.0,0.0,0.0,0.0,0.0,0.0,0.0,30.795,31.07,31.153,31.189,31.237,31.32,31.404,31.463,31.487,31.546,31.546,31.511,31.511,31.535,31.546,31.546,31.546,31.535,31.523,31.487,31.451,31.368,31.32,31.297,31.297,31.32,31.32,31.285,31.273,31.285,31.32,31.273,31.118,31.022,30.939,30.855,30.783,30.711,30.651,30.615,30.507,30.459,30.363,0.0,0.0,0.0,0.0,0.0,0.0
0.0,0.0,0.0,0.0,0.0,0.0,0.0,0.0,30.795,31.034,31.153,31.249,31.297,31.308,31.356,31.428,31.439,31.523,31.546,31.523,31.523,31.535,31.523,31.535,31.558,31.546,31.511,31.487,31.463,31.416,31.368,31.332,31.308,31.297,31.297,31.273,31.237,31.237,31.249,31.213,31.118,31.022,30.867,30.783,30.711,30.663,30.627,30.567,30.507,30.411,30.315,0.0,0.0,0.0,0.0,0.0,0.0
0.0,0.0,0.0,0.0,0.0,0.0,0.0,0.0,30.771,30.747,31.01,31.13,31.261,31.308,31.308,31.32,31.308,31.38,31.511,31.57,31.558,31.535,31.511,31.535,31.546,31.535,31.487,31.451,31.439,31.428,31.416,31.392,31.332,31.308,31.297,31.273,31.213,31.177,31.153,31.13,31.07,30.986,30.795,30.723,30.675,30.639,30.591,30.531,30.447,30.339,30.195,0.0,0.0,0.0,0.0,0.0,0.0
0.0,0.0,0.0,0.0,0.0,0.0,0.0,0.0,29.809,30.747,30.986,31.094,31.201,31.273,31.297,31.308,31.297,31.368,31.487,31.546,31.535,31.523,31.511,31.511,31.523,31.499,31.463,31.439,31.428,31.428,31.439,31.416,31.356,31.308,31.285,31.261,31.189,31.13,31.058,30.998,30.962,30.891,30.723,30.675,30.627,30.591,30.555,30.483,30.387,30.231,30.002,0.0,0.0,0.0,0.0,0.0,0.0
0.0,0.0,0.0,0.0,0.0,0.0,0.0,0.0,29.893,30.759,30.974,31.058,31.165,31.237,31.285,31.297,31.344,31.392,31.451,31.475,31.475,31.475,31.499,31.487,31.487,31.487,31.475,31.463,31.428,31.404,31.404,31.392,31.344,31.308,31.273,31.237,31.13,31.046,30.95,30.879,30.843,30.795,30.663,30.615,30.579,30.555,30.507,30.447,30.351,30.11,29.724,0.0,0.0,0.0,0.0,0.0,0.0
0.0,0.0,0.0,0.0,0.0,0.0,0.0,0.0,30.026,30.795,30.974,31.046,31.153,31.225,31.273,31.308,31.38,31.416,31.439,31.439,31.439,31.451,31.475,31.475,31.463,31.487,31.523,31.511,31.439,31.428,31.404,31.38,31.344,31.297,31.261,31.201,31.046,30.95,30.867,30.795,30.747,30.699,30.615,30.579,30.543,30.519,30.471,30.411,30.315,29.966,0.0,0.0,0.0,0.0,0.0,0.0,0.0
0.0,0.0,0.0,0.0,0.0,0.0,0.0,0.0,0.0,30.855,30.986,31.046,31.165,31.249,31.297,31.332,31.404,31.428,31.439,31.451,31.451,31.463,31.475,31.499,31.487,31.511,31.558,31.546,31.475,31.463,31.416,31.38,31.344,31.297,31.237,31.153,31.022,30.927,30.831,30.759,30.711,30.663,30.651,30.579,30.543,30.519,30.483,30.423,30.375,30.243,0.0,0.0,0.0,0.0,0.0,0.0,0.0
0.0,0.0,0.0,0.0,0.0,0.0,0.0,0.0,0.0,30.879,30.998,31.094,31.213,31.285,31.32,31.356,31.392,31.416,31.439,31.451,31.451,31.475,31.499,31.546,31.558,31.558,31.558,31.546,31.511,31.499,31.463,31.428,31.392,31.344,31.297,31.225,31.13,31.046,30.962,30.867,30.783,30.723,30.615,30.543,30.507,30.483,30.447,30.387,30.339,30.171,0.0,0.0,0.0,0.0,0.0,0.0,0.0
0.0,0.0,0.0,0.0,0.0,0.0,0.0,0.0,0.0,30.891,31.034,31.142,31.261,31.32,31.332,31.356,31.332,31.356,31.392,31.428,31.439,31.451,31.475,31.535,31.582,31.594,31.582,31.546,31.511,31.451,31.439,31.416,31.392,31.344,31.285,31.213,31.13,31.082,30.998,30.879,30.783,30.687,30.615,30.507,30.471,30.435,30.399,30.339,30.303,30.038,0.0,0.0,0.0,0.0,0.0,0.0,0.0
0.0,0.0,0.0,0.0,0.0,0.0,0.0,0.0,0.0,30.447,30.891,31.082,31.189,31.285,31.32,31.32,31.332,31.368,31.404,31.428,31.439,31.451,31.487,31.546,31.582,31.606,31.57,31.499,31.451,31.451,31.428,31.416,31.38,31.32,31.261,31.189,31.13,31.082,31.01,30.879,30.747,30.627,30.543,30.459,30.423,30.375,30.339,30.279,30.219,29.845,0.0,0.0,0.0,0.0,0.0,0.0,0.0
0.0,0.0,0.0,0.0,0.0,0.0,0.0,0.0,0.0,30.411,30.903,31.106,31.213,31.285,31.308,31.32,31.344,31.428,31.439,31.439,31.439,31.463,31.499,31.535,31.558,31.582,31.546,31.463,31.428,31.439,31.463,31.416,31.356,31.297,31.237,31.165,31.106,31.07,30.986,30.867,30.735,30.603,30.507,30.423,30.363,30.327,30.291,30.231,30.11,0.0,0.0,0.0,0.0,0.0,0.0,0.0,0.0
0.0,0.0,0.0,0.0,0.0,0.0,0.0,0.0,0.0,30.447,30.927,31.118,31.213,31.261,31.297,31.332,31.38,31.451,31.475,31.463,31.463,31.487,31.511,31.511,31.511,31.535,31.511,31.463,31.439,31.463,31.475,31.428,31.356,31.273,31.201,31.142,31.07,31.022,30.95,30.855,30.735,30.615,30.507,30.423,30.339,30.291,30.267,30.195,29.978,0.0,0.0,0.0,0.0,0.0,0.0,0.0,0.0
0.0,0.0,0.0,0.0,0.0,0.0,0.0,0.0,0.0,30.543,30.915,31.094,31.189,31.249,31.297,31.344,31.404,31.439,31.475,31.475,31.487,31.511,31.523,31.499,31.487,31.499,31.475,31.451,31.451,31.475,31.463,31.439,31.368,31.249,31.153,31.106,31.022,30.986,30.927,30.843,30.747,30.651,30.531,30.447,30.351,30.291,30.255,30.171,29.833,0.0,0.0,0.0,0.0,0.0,0.0,0.0,0.0
0.0,0.0,0.0,0.0,0.0,0.0,0.0,0.0,0.0,30.615,30.891,31.058,31.177,31.261,31.32,31.344,31.392,31.404,31.439,31.463,31.487,31.523,31.535,31.523,31.499,31.475,31.451,31.439,31.439,31.463,31.416,31.392,31.332,31.225,31.142,31.082,31.046,30.998,30.974,30.927,30.831,30.747,30.675,30.543,30.435,30.339,30.267,30.231,30.159,0.0,0.0,0.0,0.0,0.0,0.0,0.0,0.0
0.0,0.0,0.0,0.0,0.0,0.0,0.0,0.0,0.0,30.663,30.939,31.07,31.177,31.273,31.32,31.344,31.368,31.356,31.38,31.416,31.463,31.511,31.535,31.511,31.499,31.487,31.475,31.475,31.475,31.463,31.416,31.344,31.297,31.261,31.201,31.13,31.01,30.95,30.927,30.891,30.807,30.735,30.639,30.483,30.399,30.303,30.207,30.183,30.135,0.0,0.0,0.0,0.0,0.0,0.0,0.0,0.0
0.0,0.0,0.0,0.0,0.0,0.0,0.0,0.0,0.0,30.759,30.915,31.046,31.13,31.189,31.261,31.308,31.344,31.332,31.344,31.368,31.416,31.463,31.499,31.487,31.463,31.475,31.499,31.523,31.535,31.499,31.404,31.308,31.225,31.165,31.142,31.082,31.01,30.915,30.867,30.819,30.759,30.687,30.579,30.459,30.387,30.303,30.207,30.159,30.05,0.0,0.0,0.0,0.0,0.0,0.0,0.0,0.0
0.0,0.0,0.0,0.0,0.0,0.0,0.0,0.0,0.0,30.627,30.915,31.07,31.142,31.201,31.273,31.32,31.332,31.332,31.368,31.404,31.451,31.487,31.487,31.487,31.475,31.475,31.511,31.535,31.546,31.511,31.428,31.332,31.189,31.094,31.058,31.01,30.962,30.867,30.795,30.747,30.711,30.639,30.543,30.471,30.411,30.339,30.267,30.147,29.905,0.0,0.0,0.0,0.0,0.0,0.0,0.0,0.0
0.0,0.0,0.0,0.0,0.0,0.0,0.0,0.0,0.0,30.699,30.962,31.034,31.13,31.213,31.308,31.344,31.332,31.356,31.392,31.439,31.475,31.499,31.499,31.487,31.523,31.511,31.511,31.511,31.499,31.475,31.428,31.32,31.165,31.058,31.01,30.974,30.927,30.807,30.747,30.699,30.663,30.603,30.543,30.447,30.387,30.339,30.279,30.086,0.0,0.0,0.0,0.0,0.0,0.0,0.0,0.0,0.0
0.0,0.0,0.0,0.0,0.0,0.0,0.0,0.0,0.0,30.675,30.903,31.022,31.106,31.189,31.285,31.32,31.332,31.38,31.416,31.439,31.487,31.511,31.523,31.523,31.535,31.535,31.511,31.487,31.475,31.451,31.392,31.285,31.13,31.046,31.022,30.974,30.879,30.795,30.735,30.675,30.615,30.567,30.507,30.375,30.327,30.303,30.231,29.978,0.0,0.0,0.0,0.0,0.0,0.0,0.0,0.0,0.0
0.0,0.0,0.0,0.0,0.0,0.0,0.0,0.0,0.0,30.651,30.891,31.046,31.106,31.153,31.201,31.273,31.332,31.392,31.416,31.451,31.487,31.511,31.523,31.535,31.523,31.523,31.511,31.499,31.475,31.451,31.368,31.249,31.118,31.046,31.034,30.986,30.891,30.843,30.759,30.675,30.591,30.507,30.435,30.375,30.303,30.267,30.243,30.171,0.0,0.0,0.0,0.0,0.0,0.0,0.0,0.0,0.0
0.0,0.0,0.0,0.0,0.0,0.0,0.0,0.0,0.0,30.651,30.903,31.022,31.082,31.13,31.177,31.249,31.332,31.368,31.404,31.451,31.499,31.511,31.511,31.511,31.511,31.511,31.511,31.499,31.463,31.428,31.38,31.332,31.237,31.118,31.046,31.034,30.986,30.903,30.819,30.735,30.651,30.567,30.483,30.351,30.255,30.207,30.195,30.098,0.0,0.0,0.0,0.0,0.0,0.0,0.0,0.0,0.0
0.0,0.0,0.0,0.0,0.0,0.0,0.0,0.0,0.0,30.675,30.891,30.939,31.034,31.118,31.213,31.285,31.32,31.32,31.356,31.404,31.451,31.475,31.511,31.523,31.558,31.499,31.487,31.499,31.487,31.428,31.32,31.285,31.213,31.118,31.046,30.998,30.962,30.831,30.747,30.663,30.603,30.579,30.483,30.351,30.243,30.171,30.135,30.026,0.0,0.0,0.0,0.0,0.0,0.0,0.0,0.0,0.0
0.0,0.0,0.0,0.0,0.0,0.0,0.0,0.0,30.183,30.519,30.723,30.819,30.903,31.022,31.153,31.249,31.297,31.32,31.368,31.416,31.439,31.451,31.499,31.558,31.535,31.475,31.451,31.475,31.451,31.38,31.32,31.225,31.177,31.106,31.034,30.95,30.891,30.771,30.687,30.615,30.579,30.567,30.495,30.351,30.267,30.135,30.074,29.954,0.0,0.0,0.0,0.0,0.0,0.0,0.0,0.0,0.0
0.0,0.0,0.0,0.0,0.0,0.0,0.0,0.0,30.351,30.627,30.747,30.807,30.915,31.058,31.177,31.261,31.297,31.32,31.38,31.416,31.439,31.463,31.511,31.546,31.439,31.416,31.416,31.416,31.392,31.32,31.261,31.177,31.13,31.07,30.998,30.915,30.843,30.735,30.651,30.603,30.579,30.543,30.483,30.375,30.279,30.123,30.002,29.821,0.0,0.0,0.0,0.0,0.0,0.0,0.0,0.0,0.0
0.0,0.0,0.0,0.0,0.0,0.0,0.0,0.0,30.447,30.663,30.747,30.771,30.891,31.034,31.153,31.225,31.285,31.332,31.392,31.404,31.451,31.523,31.535,31.475,31.404,31.404,31.404,31.368,31.332,31.273,31.225,31.153,31.094,31.034,30.962,30.903,30.819,30.723,30.639,30.579,30.531,30.483,30.447,30.387,30.291,30.123,29.918,0.0,0.0,0.0,0.0,0.0,0.0,0.0,0.0,0.0,0.0
0.0,0.0,0.0,0.0,0.0,0.0,0.0,0.0,30.459,30.615,30.687,30.711,30.831,30.95,31.058,31.153,31.249,31.332,31.368,31.416,31.463,31.511,31.499,31.428,31.416,31.416,31.392,31.332,31.285,31.225,31.189,31.094,31.046,30.986,30.95,30.903,30.831,30.747,30.639,30.531,30.447,30.399,30.375,30.363,30.267,30.147,29.821,0.0,0.0,0.0,0.0,0.0,0.0,0.0,0.0,0.0,0.0
0.0,0.0,0.0,0.0,0.0,0.0,0.0,0.0,30.399,30.519,30.591,30.699,30.795,30.867,30.962,31.082,31.201,31.297,31.32,31.428,31.463,31.428,31.404,31.416,31.416,31.392,31.356,31.297,31.237,31.189,31.142,31.034,30.986,30.962,30.939,30.915,30.855,30.831,30.747,30.639,30.519,30.423,30.375,30.339,30.255,30.231,30.183,0.0,0.0,0.0,0.0,0.0,0.0,0.0,0.0,0.0,0.0
0.0,0.0,0.0,0.0,0.0,0.0,0.0,0.0,30.375,30.495,30.567,30.735,30.795,30.819,30.903,31.034,31.142,31.225,31.297,31.392,31.416,31.368,31.368,31.404,31.38,31.368,31.332,31.297,31.237,31.189,31.142,31.07,30.986,30.939,30.927,30.915,30.879,30.771,30.723,30.639,30.555,30.471,30.411,30.339,30.231,30.195,30.159,0.0,0.0,0.0,0.0,0.0,0.0,0.0,0.0,0.0,0.0
0.0,0.0,0.0,0.0,0.0,0.0,0.0,0.0,30.411,30.543,30.615,30.627,30.723,30.783,30.831,30.903,31.01,31.118,31.201,31.273,31.297,31.32,31.344,31.368,31.38,31.308,31.285,31.261,31.225,31.189,31.142,31.058,30.962,30.903,30.879,30.855,30.819,30.771,30.735,30.675,30.591,30.531,30.471,30.375,30.243,30.171,30.074,0.0,0.0,0.0,0.0,0.0,0.0,0.0,0.0,0.0,0.0
0.0,0.0,0.0,0.0,0.0,0.0,0.0,0.0,29.881,30.459,30.567,30.627,30.675,30.759,30.867,30.939,31.01,31.094,31.165,31.237,31.249,31.261,31.308,31.332,31.332,31.249,31.237,31.237,31.225,31.201,31.142,31.034,30.962,30.903,30.855,30.819,30.795,30.759,30.783,30.723,30.651,30.579,30.543,30.423,30.279,30.171,30.038,0.0,0.0,0.0,0.0,0.0,0.0,0.0,0.0,0.0,0.0
0.0,0.0,0.0,0.0,0.0,0.0,0.0,0.0,29.942,30.507,30.579,30.591,30.639,30.735,30.843,30.927,30.962,31.046,31.106,31.189,31.225,31.249,31.273,31.273,31.249,31.201,31.201,31.201,31.189,31.165,31.106,30.986,30.95,30.903,30.855,30.819,30.795,30.795,30.795,30.747,30.687,30.615,30.543,30.423,30.291,30.219,30.062,0.0,0.0,0.0,0.0,0.0,0.0,0.0,0.0,0.0,0.0
0.0,0.0,0.0,0.0,0.0,0.0,0.0,0.0,30.026,30.555,30.579,30.579,30.639,30.699,30.771,30.843,30.891,30.986,31.094,31.189,31.225,31.249,31.249,31.237,31.213,31.177,31.153,31.13,31.106,31.07,31.022,30.927,30.927,30.903,30.843,30.819,30.807,30.807,30.759,30.735,30.711,30.627,30.483,30.375,30.291,30.255,0.0,0.0,0.0,0.0,0.0,0.0,0.0,0.0,0.0,0.0,0.0
0.0,0.0,0.0,0.0,0.0,0.0,0.0,0.0,30.135,30.591,30.603,30.591,30.651,30.675,30.735,30.795,30.855,30.962,31.118,31.213,31.237,31.249,31.261,31.249,31.213,31.142,31.106,31.082,31.07,31.022,30.962,30.867,30.855,30.855,30.819,30.807,30.795,30.783,30.735,30.711,30.699,30.603,30.447,30.447,30.339,30.279,0.0,0.0,0.0,0.0,0.0,0.0,0.0,0.0,0.0,0.0,0.0
0.0,0.0,0.0,0.0,0.0,0.0,0.0,29.603,30.255,30.603,30.651,30.639,30.663,30.663,30.735,30.795,30.855,30.962,31.082,31.177,31.201,31.225,31.249,31.237,31.189,31.106,31.082,31.07,31.058,30.998,30.915,30.855,30.807,30.771,30.759,30.735,30.747,30.771,30.759,30.711,30.663,30.639,30.567,30.435,30.303,30.231,0.0,0.0,0.0,0.0,0.0,0.0,0.0,0.0,0.0,0.0,0.0
0.0,0.0,0.0,0.0,0.0,0.0,0.0,29.99,30.375,30.603,30.699,30.699,30.651,30.651,30.723,30.783,30.843,30.95,30.903,30.998,31.07,31.13,31.177,31.213,31.201,31.118,31.07,31.046,31.01,30.986,30.927,30.783,30.735,30.687,30.639,30.603,30.651,30.735,30.687,30.651,30.603,30.567,30.495,30.387,30.303,30.135,0.0,0.0,0.0,0.0,0.0,0.0,0.0,0.0,0.0,0.0,0.0
0.0,0.0,0.0,0.0,0.0,0.0,0.0,29.64,30.267,30.447,30.555,30.687,30.651,30.627,30.639,30.711,30.771,30.831,30.903,30.915,30.986,31.058,31.13,31.177,31.177,31.118,31.058,30.998,30.927,30.867,30.819,30.783,30.651,30.591,30.531,30.507,30.555,30.651,30.567,30.555,30.531,30.483,30.399,30.303,30.219,29.99,0.0,0.0,0.0,0.0,0.0,0.0,0.0,0.0,0.0,0.0,0.0
0.0,0.0,0.0,0.0,0.0,0.0,0.0,29.942,30.423,30.459,30.495,30.615,30.579,30.567,30.603,30.687,30.759,30.807,30.855,30.879,30.939,31.01,31.082,31.142,31.153,31.082,31.034,30.962,30.867,30.783,30.723,30.699,30.543,30.495,30.471,30.459,30.483,30.543,30.471,30.471,30.447,30.387,30.303,30.207,30.11,0.0,0.0,0.0,0.0,0.0,0.0,0.0,0.0,0.0,0.0,0.0,0.0
0.0,0.0,0.0,0.0,0.0,0.0,0.0,0.0,30.423,30.435,30.447,30.543,30.507,30.495,30.543,30.663,30.747,30.783,30.819,30.843,30.927,31.01,31.07,31.082,31.094,31.01,30.986,30.939,30.843,30.747,30.651,30.591,30.447,30.411,30.411,30.411,30.435,30.447,30.399,30.399,30.363,30.267,30.195,30.123,30.014,0.0,0.0,0.0,0.0,0.0,0.0,0.0,0.0,0.0,0.0,0.0,0.0
0.0,0.0,0.0,0.0,0.0,0.0,0.0,0.0,30.327,30.423,30.447,30.495,30.459,30.483,30.543,30.639,30.699,30.735,30.783,30.831,30.927,31.034,31.07,31.022,30.998,30.939,30.915,30.867,30.795,30.699,30.591,30.507,30.387,30.351,30.351,30.363,30.387,30.387,30.291,30.303,30.255,30.147,30.086,30.038,29.893,0.0,0.0,0.0,0.0,0.0,0.0,0.0,0.0,0.0,0.0,0.0,0.0
0.0,0.0,0.0,0.0,0.0,0.0,0.0,0.0,30.339,30.447,30.459,30.459,30.447,30.531,30.591,30.603,30.627,30.675,30.747,30.807,30.903,30.986,31.01,30.986,30.95,30.867,30.807,30.759,30.699,30.627,30.531,30.447,30.327,30.303,30.303,30.315,30.315,30.315,30.183,30.171,30.207,30.159,30.038,29.978,29.966,0.0,0.0,0.0,0.0,0.0,0.0,0.0,0.0,0.0,0.0,0.0,0.0
0.0,0.0,0.0,0.0,0.0,0.0,0.0,0.0,30.459,30.519,30.471,30.435,30.447,30.555,30.603,30.603,30.615,30.651,30.711,30.771,30.831,30.867,30.915,30.95,30.95,30.867,30.783,30.699,30.663,30.627,30.579,30.495,30.351,30.279,30.279,30.279,30.267,30.231,30.123,30.11,30.135,30.074,29.966,29.93,29.905,0.0,0.0,0.0,0.0,0.0,0.0,0.0,0.0,0.0,0.0,0.0,0.0
0.0,0.0,0.0,0.0,0.0,0.0,0.0,0.0,30.507,30.531,30.483,30.483,30.435,30.459,30.531,30.591,30.615,30.639,30.639,30.651,30.735,30.771,30.783,30.819,30.879,30.867,30.663,30.615,30.591,30.567,30.543,30.459,30.315,30.267,30.267,30.255,30.219,30.171,30.123,30.11,30.098,30.038,29.942,29.905,0.0,0.0,0.0,0.0,0.0,0.0,0.0,0.0,0.0,0.0,0.0,0.0,0.0
0.0,0.0,0.0,0.0,0.0,0.0,0.0,0.0,30.243,30.447,30.495,30.471,30.435,30.471,30.519,30.555,30.591,30.615,30.615,30.627,30.699,30.723,30.723,30.747,30.771,30.735,30.567,30.543,30.543,30.531,30.483,30.411,30.303,30.279,30.267,30.231,30.171,30.135,30.123,30.11,30.05,30.002,29.942,29.869,0.0,0.0,0.0,0.0,0.0,0.0,0.0,0.0,0.0,0.0,0.0,0.0,0.0
0.0,0.0,0.0,0.0,0.0,0.0,0.0,0.0,30.327,30.423,30.483,30.495,30.471,30.495,30.519,30.531,30.531,30.543,30.567,30.591,30.651,30.675,30.663,30.663,30.651,30.615,30.507,30.519,30.531,30.495,30.411,30.339,30.279,30.291,30.267,30.231,30.159,30.123,30.135,30.086,30.002,29.966,29.942,29.785,0.0,0.0,0.0,0.0,0.0,0.0,0.0,0.0,0.0,0.0,0.0,0.0,0.0
0.0,0.0,0.0,0.0,0.0,0.0,0.0,0.0,0.0,30.459,30.531,30.543,30.507,30.519,30.519,30.507,30.483,30.495,30.543,30.567,30.603,30.615,30.603,30.579,30.555,30.531,30.459,30.459,30.471,30.423,30.315,30.267,30.243,30.279,30.279,30.231,30.147,30.11,30.11,30.05,29.954,29.942,29.93,0.0,0.0,0.0,0.0,0.0,0.0,0.0,0.0,0.0,0.0,0.0,0.0,0.0,0.0
0.0,0.0,0.0,0.0,0.0,0.0,0.0,0.0,0.0,30.507,30.555,30.555,30.531,30.519,30.507,30.495,30.483,30.495,30.531,30.567,30.591,30.579,30.543,30.507,30.483,30.459,30.399,30.387,30.375,30.327,30.243,30.219,30.219,30.255,30.267,30.231,30.159,30.11,30.098,30.014,29.918,29.893,29.845,0.0,0.0,0.0,0.0,0.0,0.0,0.0,0.0,0.0,0.0,0.0,0.0,0.0,0.0
0.0,0.0,0.0,0.0,0.0,0.0,0.0,0.0,0.0,30.555,30.555,30.531,30.519,30.519,30.495,30.495,30.507,30.531,30.543,30.591,30.603,30.579,30.519,30.471,30.447,30.423,30.327,30.279,30.255,30.219,30.183,30.183,30.183,30.195,30.219,30.231,30.219,30.171,30.135,30.062,29.99,29.869,29.748,0.0,0.0,0.0,0.0,0.0,0.0,0.0,0.0,0.0,0.0,0.0,0.0,0.0,0.0
0.0,0.0,0.0,0.0,0.0,0.0,0.0,0.0,0.0,30.555,30.543,30.519,30.519,30.519,30.495,30.495,30.543,30.567,30.567,30.591,30.603,30.603,30.579,30.519,30.459,30.435,30.375,30.267,30.183,30.135,30.135,30.159,30.183,30.207,30.195,30.183,30.171,30.159,30.123,30.038,29.966,29.833,0.0,0.0,0.0,0.0,0.0,0.0,0.0,0.0,0.0,0.0,0.0,0.0,0.0,0.0,0.0
0.0,0.0,0.0,0.0,0.0,0.0,0.0,0.0,0.0,30.423,30.495,30.519,30.519,30.519,30.507,30.483,30.495,30.543,30.579,30.591,30.591,30.591,30.567,30.507,30.471,30.447,30.375,30.255,30.159,30.086,30.086,30.147,30.183,30.219,30.195,30.123,30.086,30.098,30.086,30.002,29.942,29.797,0.0,0.0,0.0,0.0,0.0,0.0,0.0,0.0,0.0,0.0,0.0,0.0,0.0,0.0,0.0
0.0,0.0,0.0,0.0,0.0,0.0,0.0,0.0,0.0,0.0,30.435,30.495,30.519,30.495,30.483,30.471,30.483,30.507,30.531,30.567,30.531,30.543,30.519,30.483,30.471,30.447,30.399,30.315,30.207,30.11,30.086,30.147,30.195,30.195,30.159,30.086,30.062,30.074,30.05,29.954,29.881,0.0,0.0,0.0,0.0,0.0,0.0,0.0,0.0,0.0,0.0,0.0,0.0,0.0,0.0,0.0,0.0
0.0,0.0,0.0,0.0,0.0,0.0,0.0,0.0,0.0,0.0,30.375,30.459,30.495,30.459,30.459,30.459,30.459,30.447,30.459,30.507,30.435,30.447,30.447,30.447,30.447,30.435,30.399,30.351,30.267,30.159,30.135,30.159,30.195,30.123,30.098,30.086,30.074,30.074,30.038,29.93,29.712,0.0,0.0,0.0,0.0,0.0,0.0,0.0,0.0,0.0,0.0,0.0,0.0,0.0,0.0,0.0,0.0
0.0,0.0,0.0,0.0,0.0,0.0,0.0,0.0,0.0,0.0,30.315,30.411,30.447,30.423,30.447,30.447,30.411,30.375,30.375,30.399,30.363,30.375,30.387,30.399,30.411,30.423,30.387,30.351,30.291,30.219,30.183,30.183,30.171,30.086,30.074,30.074,30.074,30.05,30.014,29.845,0.0,0.0,0.0,0.0,0.0,0.0,0.0,0.0,0.0,0.0,0.0,0.0,0.0,0.0,0.0,0.0,0.0
0.0,0.0,0.0,0.0,0.0,0.0,0.0,0.0,0.0,0.0,30.255,30.339,30.375,30.387,30.423,30.423,30.387,30.327,30.315,30.339,30.315,30.315,30.339,30.363,30.387,30.399,30.375,30.351,30.303,30.255,30.219,30.195,30.147,30.086,30.074,30.074,30.05,30.002,30.002,29.785,0.0,0.0,0.0,0.0,0.0,0.0,0.0,0.0,0.0,0.0,0.0,0.0,0.0,0.0,0.0,0.0,0.0
0.0,0.0,0.0,0.0,0.0,0.0,0.0,0.0,0.0,0.0,0.0,30.315,30.327,30.375,30.411,30.399,30.363,30.303,30.291,30.303,30.291,30.303,30.315,30.327,30.351,30.351,30.339,30.363,30.351,30.327,30.279,30.231,30.183,30.147,30.11,30.098,30.086,30.074,30.002,0.0,0.0,0.0,0.0,0.0,0.0,0.0,0.0,0.0,0.0,0.0,0.0,0.0,0.0,0.0,0.0,0.0,0.0
0.0,0.0,0.0,0.0,0.0,0.0,0.0,0.0,0.0,0.0,0.0,30.291,30.291,30.315,30.363,30.387,30.387,30.351,30.291,30.267,30.231,30.255,30.315,30.327,30.303,30.303,30.339,30.351,30.351,30.327,30.303,30.255,30.195,30.159,30.135,30.11,30.098,30.062,0.0,0.0,0.0,0.0,0.0,0.0,0.0,0.0,0.0,0.0,0.0,0.0,0.0,0.0,0.0,0.0,0.0,0.0,0.0
0.0,0.0,0.0,0.0,0.0,0.0,0.0,0.0,0.0,0.0,0.0,0.0,30.219,30.315,30.351,30.351,30.363,30.339,30.279,30.231,30.207,30.243,30.303,30.303,30.267,30.267,30.327,30.339,30.339,30.339,30.315,30.279,30.219,30.123,30.086,30.074,30.038,0.0,0.0,0.0,0.0,0.0,0.0,0.0,0.0,0.0,0.0,0.0,0.0,0.0,0.0,0.0,0.0,0.0,0.0,0.0,0.0
0.0,0.0,0.0,0.0,0.0,0.0,0.0,0.0,0.0,0.0,0.0,0.0,30.038,30.327,30.315,30.279,30.315,30.315,30.267,30.231,30.207,30.219,30.255,30.255,30.231,30.243,30.303,30.291,30.303,30.315,30.303,30.267,30.183,30.002,29.93,29.918,0.0,0.0,0.0,0.0,0.0,0.0,0.0,0.0,0.0,0.0,0.0,0.0,0.0,0.0,0.0,0.0,0.0,0.0,0.0,0.0,0.0
0.0,0.0,0.0,0.0,0.0,0.0,0.0,0.0,0.0,0.0,0.0,0.0,0.0,30.303,30.207,30.207,30.255,30.267,30.255,30.231,30.207,30.195,30.207,30.207,30.183,30.195,30.243,30.195,30.231,30.255,30.255,30.195,30.086,29.833,29.603,0.0,0.0,0.0,0.0,0.0,0.0,0.0,0.0,0.0,0.0,0.0,0.0,0.0,0.0,0.0,0.0,0.0,0.0,0.0,0.0,0.0,0.0
0.0,0.0,0.0,0.0,0.0,0.0,0.0,0.0,0.0,0.0,0.0,0.0,0.0,0.0,30.002,30.231,30.279,30.267,30.255,30.231,30.183,30.159,30.171,30.159,30.135,30.135,30.159,30.123,30.159,30.195,30.195,30.147,30.026,0.0,0.0,0.0,0.0,0.0,0.0,0.0,0.0,0.0,0.0,0.0,0.0,0.0,0.0,0.0,0.0,0.0,0.0,0.0,0.0,0.0,0.0,0.0,0.0
0.0,0.0,0.0,0.0,0.0,0.0,0.0,0.0,0.0,0.0,0.0,0.0,0.0,0.0,0.0,0.0,30.291,30.255,30.255,30.219,30.243,30.207,30.207,30.183,30.147,30.11,30.098,30.026,30.038,30.062,30.05,0.0,0.0,0.0,0.0,0.0,0.0,0.0,0.0,0.0,0.0,0.0,0.0,0.0,0.0,0.0,0.0,0.0,0.0,0.0,0.0,0.0,0.0,0.0,0.0,0.0,0.0
0.0,0.0,0.0,0.0,0.0,0.0,0.0,0.0,0.0,0.0,0.0,0.0,0.0,0.0,0.0,0.0,0.0,0.0,30.243,30.243,30.291,30.279,30.255,30.255,30.219,30.171,30.11,29.869,0.0,0.0,0.0,0.0,0.0,0.0,0.0,0.0,0.0,0.0,0.0,0.0,0.0,0.0,0.0,0.0,0.0,0.0,0.0,0.0,0.0,0.0,0.0,0.0,0.0,0.0,0.0,0.0,0.0
0.0,0.0,0.0,0.0,0.0,0.0,0.0,0.0,0.0,0.0,0.0,0.0,0.0,0.0,0.0,0.0,0.0,0.0,0.0,0.0,0.0,0.0,0.0,0.0,0.0,0.0,0.0,0.0,0.0,0.0,0.0,0.0,0.0,0.0,0.0,0.0,0.0,0.0,0.0,0.0,0.0,0.0,0.0,0.0,0.0,0.0,0.0,0.0,0.0,0.0,0.0,0.0,0.0,0.0,0.0,0.0,0.0
